52-25N 016-50E 86
06/03 22.7 9.0 16.7 49.0 12.9 39.6 1018.2 ---- 2.4 0.2 46.7
06/02 20.2 9.3 14.3 61.4 17.3 43.2 1019.7 0.0 2.8 2.1 40.2
06/01 23.3 11.8 18.2 65.2 22.8 57.6 1015.8 1.1 4.0 3.7 39.7
05/31 28.5 14.3 19.5 78.3 9.9 64.8 1012.0 13.0 5.1 3.6 25.0
05/30 29.6 16.5 22.7 49.9 10.7 32.4 1013.0 0.0 4.1 1.7 49.2
05/29 27.7 9.7 21.0 46.7 13.7 36.0 1020.2 0.0 2.4 1.4 44.2
05/28 23.9 8.7 17.2 52.6 5.3 ---- 1024.1 0.0 0.6 0.0 42.7
05/27 22.5 8.7 16.3 66.9 13.7 ---- 1019.7 0.0 2.4 2.2 42.1
05/26 19.2 9.4 13.8 72.4 12.3 36.0 1019.6 0.0 5.8 4.3 29.4
05/25 22.0 10.3 12.2 88.3 22.2 50.4 1016.2 ---- 7.8 7.1 19.1
